c: 2.99792458e8 [m/s]
q_e: 1.602176487e-19 [C]
m_e: 9.10938215e-31 [kg]
m_p: 1.67262158e-27 [kg]
m_n: 1.67492716e-27 [kg]
n_l: 6.02214179e+23 [1/mole]
k_b: 1.3806504e-23 [J/K]
